1	1	061	5.3300	6.9300
1	2	063	3.2300	7.5400
1	3	064	1.3800	7.3200
1	4	083	1.1600	5.7700
1	5	084	3.5800	4.6800
1	6	085	6.4300	4.5600
1	7	086	7.2900	5.8800
1	8	097	6.8800	3.0600
1	9	098	5.0300	3.9300
1	10	099	1.7700	2.7300
1	11	120	1.8300	0.4800
1	12	121	3.1900	1.1600
1	13	122	4.6000	1.8600
1	14	123	6.5600	0.9800
1	15	124	8.9900	1.5100
1	16	136	3.5100	-0.3900
2	1	134	8.8400	-0.5500
2	2	135	6.9700	-1.1600
2	3	152	1.0900	-3.0200
2	4	153	3.9200	-3.0500
2	5	154	5.9400	-4.3000
2	6	155	5.9600	-2.2900
2	7	156	8.9600	-2.8500
2	8	167	8.7400	-5.7300
2	9	168	2.8500	-4.7300
2	10	169	0.3500	-6.2900
2	11	186	2.7300	-7.2400
2	12	187	5.8200	-7.5800
2	13	188	7.1600	-7.2500
2	14	199	6.7800	-8.9800
2	15	200	4.8100	-9.9700
2	16	201	3.2600	-9.2500
3	1	118	-4.6000	0.0900
3	2	137	-1.6200	-1.1000
3	3	138	-5.1700	-1.6600
3	4	147	-8.3100	-2.2900
3	5	148	-8.2700	-4.2400
3	6	149	-6.2300	-3.1300
3	7	150	-3.4200	-2.6200
3	8	151	-1.4700	-3.4400
3	9	170	-0.8800	-5.1500
3	10	171	-3.5600	-6.2200
3	11	172	-5.1800	-5.1000
3	12	183	-5.5800	-7.4200
3	13	184	-2.0100	-6.9200
3	14	185	-0.8600	-8.0200
3	15	203	-1.9700	-9.8800
3	16	204	-4.4000	-8.8500
4	1	065	-1.1200	7.4700
4	2	066	-2.9400	7.1300
4	3	079	-7.3300	5.3200
4	4	080	-5.7800	5.7000
4	5	081	-1.9800	5.3400
4	6	082	-0.1400	4.7300
4	7	100	-0.7100	2.3500
4	8	101	-2.6200	2.6100
4	9	102	-4.4400	3.1800
4	10	103	-6.3300	2.5900
4	11	104	-7.9800	2.8100
4	12	105	-9.5400	2.9800
4	13	116	-8.3800	0.1300
4	14	117	-5.9300	1.0600
4	15	119	-2.7900	0.9300
4	16	139	-7.0100	-1.0400
5	1	006	8.8500	15.7500
5	2	007	6.6800	15.8500
5	3	008	5.1800	16.9400
5	4	021	2.4500	13.1200
5	5	023	5.2200	14.8100
5	6	024	8.9100	13.8000
5	7	025	11.7000	14.9000
5	8	026	12.8700	13.0100
5	9	029	9.6800	12.2400
5	10	030	7.2100	12.1200
5	11	031	4.9300	12.1800
5	12	032	3.8000	11.0500
5	13	051	5.7500	9.8200
5	14	052	7.1000	8.9200
5	15	053	7.7100	10.6700
5	16	062	5.1200	8.6700
6	1	027	14.2300	12.4000
6	2	028	13.1600	11.2700
6	3	054	9.9900	9.5100
6	4	055	11.4900	10.7700
6	5	056	13.2200	9.3400
6	6	057	14.9100	9.2400
6	7	058	17.3000	7.5100
6	8	059	10.7600	6.6600
6	9	060	8.0000	7.2900
6	10	087	8.9600	5.4800
6	11	088	11.8100	5.1500
6	12	089	13.1000	6.4600
6	13	090	15.4200	4.4200
6	14	091	15.8000	6.1700
6	15	095	10.9700	3.3200
6	16	096	9.2700	3.5600
7	1	092	18.4000	4.6800
7	2	093	16.5400	2.6900
7	3	094	13.9300	3.1500
7	4	125	10.2400	0.6300
7	5	126	12.7500	1.5400
7	6	127	13.5200	-0.4000
7	7	128	14.6600	1.4100
7	8	129	18.2500	1.7700
7	9	130	17.3600	-0.3400
7	10	131	14.8100	-0.8200
7	11	132	11.6600	-0.2600
7	12	133	10.3900	-1.0600
7	13	159	14.2000	-2.3200
7	14	160	15.3900	-3.9500
7	15	161	16.5000	-2.3900
7	16	162	18.7500	-3.0900
8	1	157	11.5000	-2.2100
8	2	158	13.0400	-3.4600
8	3	163	17.2700	-5.1200
8	4	164	13.4100	-5.9200
8	5	165	11.5500	-5.8100
8	6	166	10.1100	-4.8300
8	7	189	10.0500	-7.0800
8	8	190	11.2000	-8.1500
8	9	191	14.9100	-7.3400
8	10	192	16.1900	-8.4900
8	11	193	13.9800	-10.5100
8	12	194	12.6300	-8.9900
8	13	195	11.0800	-9.9500
8	14	196	9.5800	-10.6800
8	15	197	8.7500	-8.8100
8	16	223	12.2000	-12.1100
9	1	198	7.8800	-10.1600
9	2	220	4.1200	-12.8500
9	3	221	6.5100	-11.6900
9	4	222	10.7300	-11.6900
9	5	224	13.3100	-13.2000
9	6	225	12.2100	-14.4100
9	7	226	10.5200	-13.4800
9	8	227	8.7400	-13.0400
9	9	228	4.9700	-14.0600
9	10	246	2.9600	-16.9300
9	11	247	4.2900	-16.0800
9	12	248	5.5700	-17.0900
9	13	249	6.9600	-15.4000
9	14	250	10.1800	-16.0400
9	15	251	7.5300	-17.3200
9	16	252	3.3600	-18.6700
10	1	202	0.9800	-9.9900
10	2	217	-2.3400	-12.0600
10	3	218	1.1400	-11.8700
10	4	219	3.1600	-11.3600
10	5	229	3.0000	-13.9600
10	6	230	0.6700	-14.6900
10	7	231	-0.8000	-13.3400
10	8	240	-4.9800	-16.3400
10	9	241	-3.6700	-15.3000
10	10	242	-2.2100	-16.8300
10	11	243	-1.5300	-15.1700
10	12	244	-0.4500	-16.4400
10	13	245	1.4100	-16.7300
10	14	253	1.4100	-18.5100
10	15	254	-0.3300	-18.2600
10	16	255	-3.3800	-17.3500
11	1	205	-6.0500	-9.0200
11	2	206	-8.2500	-9.5800
11	3	212	-11.5800	-12.6200
11	4	213	-9.7500	-11.6300
11	5	214	-7.5000	-11.4600
11	6	215	-5.9300	-12.8200
11	7	216	-3.9200	-10.8300
11	8	232	-4.7300	-14.0700
11	9	233	-7.7700	-13.8900
11	10	234	-9.4200	-13.5500
11	11	235	-11.4800	-15.0000
11	12	236	-13.4800	-13.2900
11	13	237	-9.6500	-15.3100
11	14	238	-8.2500	-15.9300
11	15	239	-6.3300	-15.2500
11	16	256	-6.3700	-17.6000
12	1	140	-10.7800	-1.5400
12	2	145	-11.9000	-3.3200
12	3	146	-9.8000	-2.6800
12	4	173	-9.7900	-4.8300
12	5	174	-12.3400	-5.2100
12	6	175	-13.8400	-5.9300
12	7	178	-16.3800	-6.9600
12	8	179	-15.5900	-8.4100
12	9	180	-12.7500	-7.3400
12	10	181	-10.5000	-8.0600
12	11	182	-9.7200	-6.4700
12	12	207	-10.0000	-10.0300
12	13	208	-11.6600	-9.4600
12	14	209	-13.8900	-9.7200
12	15	210	-14.7300	-10.9700
12	16	211	-12.5800	-11.0400
13	1	073	-18.1800	5.0000
13	2	107	-15.5400	3.1200
13	3	108	-17.1600	2.8800
13	4	109	-18.6300	3.0500
13	5	110	-18.9200	1.3600
13	6	111	-16.9600	0.5500
13	7	112	-15.0000	1.5300
13	8	113	-14.5600	0.0600
13	9	114	-12.3300	0.3300
13	10	115	-12.1200	2.0500
13	11	141	-18.3700	-1.5600
13	12	142	-16.8500	-3.0100
13	13	143	-15.1100	-2.5000
13	14	144	-13.6800	-3.7400
13	15	176	-15.0600	-4.4600
13	16	177	-17.6600	-4.4600
14	1	040	-13.4400	10.8900
14	2	041	-15.7600	10.4500
14	3	042	-13.4800	9.1100
14	4	043	-11.6800	10.1700
14	5	045	-9.0000	9.0600
14	6	068	-8.8800	6.6000
14	7	069	-10.6400	8.6000
14	8	070	-12.1900	8.3300
14	9	071	-13.7600	7.3400
14	10	072	-15.9300	8.0200
14	11	074	-16.8300	6.1300
14	12	075	-14.2900	4.3900
14	13	076	-12.3200	5.3400
14	14	077	-10.6400	5.5700
14	15	078	-8.8700	4.8700
14	16	106	-12.8600	3.9100
15	1	001	-6.8100	17.4700
15	2	012	-5.5100	15.2700
15	3	013	-7.8300	15.3200
15	4	014	-11.9300	13.2700
15	5	015	-10.1900	14.6300
15	6	016	-7.7700	13.5300
15	7	017	-4.4100	13.5400
15	8	036	-2.2900	12.0400
15	9	037	-3.9200	11.9300
15	10	038	-7.0200	11.8200
15	11	039	-10.4300	11.9800
15	12	044	-10.1100	10.4600
15	13	046	-8.4000	10.6900
15	14	047	-4.9600	8.8300
15	15	048	-2.9400	10.0600
15	16	067	-6.1700	7.8900
16	1	002	-3.9400	17.7000
16	2	003	-1.2100	18.8900
16	3	004	1.0200	18.1100
16	4	005	3.2800	17.9200
16	5	009	-0.6900	15.1700
16	6	010	-1.9900	16.1900
16	7	011	-3.8500	15.8600
16	8	018	-1.9800	13.6500
16	9	019	0.1300	13.5800
16	10	020	0.3000	16.5000
16	11	022	3.5200	14.8400
16	12	033	2.0900	10.9500
16	13	034	1.0700	12.4100
16	14	035	-0.8300	11.4800
16	15	049	-0.4900	9.8600
16	16	050	1.1400	8.8100